89571
61397
93833
47537
73857
37681
62976
45277
67489
89032
76702
92186
61410
9964
78620
83895
52937
44636
94709
99008
6973
49659
98326
15744
6329
63093
1233
21759
42238
17134
52815
16564
92141
2978
68881
5840
45025
52393
20332
26918
15635
42019
12220
66101
31004
59324
88835
49589
48679
29221
97361
44464
77359
4505
97852
26513
50524
1979
81890
51241
92508
93878
82650
47990
69193
93647
88591
7777
68059
51666
43246
76366
50633
5349
25198
89183
76132
72940
90946
94801
20810
1667
46692
22727
14488
75671
69737
65875
23883
36279
93891
95300
50533
77191
88940
80978
68745
23776
99010
18408
58682
77758
74143
27832
93233
87072
22833
25296
47619
99681
45867
72384
72234
38440
59365
16701
65468
17701
29531
71449
5213
32436
25948
8902
68723
1168
41124
53841
99589
44413
12316
68276
23082
97777
13152
87499
63228
42499
20663
69973
60200
73901
41614
89247
47810
35147
20968
16591
18730
26234
15666
50181
52709
91069
8887
90167
11268
58894
49245
83213
52411
35948
35890
40950
49397
49206
77999
83747
45558
54989
25899
84896
14588
43909
6781
23998
31590
5142
13037
86055
92081
49996
90750
86188
94615
26000
42267
24249
10504
21423
5412
94004
68836
19067
22205
69585
71282
49009
88806
96580
25000
96615
50645
10187
31108
54108
89656
4456
1578
20991
36278
5612
55597
36738
77842
19328
7795
70108
73946
2110
43542
8256
3878
99787
98136
60184
73836
91813
76823
91833
16776
36171
22009
33444
63492
25651
56032
40554
21240
75342
22214
76905
16662
76456
68624
9194
27012
93110
65698
60816
69298
26566
69934
91526
74399
41810
307
82649
31336
24655
73766
22411
88645
96611
73643
39752
78820
35845
92985
5565
7404
96912
80300
17036
34754
1626
79007
57325
58031
98312
75298
9195
83879
97345
69369
65560
44214
40296
40671
11119
25489
14356
83408
19123
5561
77959
29214
69760
4411
76012
38919
63160
40633
97064
73022
72206
36638
5875
10370
63942
92865
77287
24709
16483
96795
31838
67935
93987
37738
12883
89041
84204
40414
95275
91821
53099
35683
65768
1053
16888
80104
91764
60898
87737
19080
91181
46226
53626
30778
41854
29360
89214
10895
33805
62593
13363
14493
36695
66405
1230
71747
64784
13814
80096
57374
46258
90171
6689
56369
85917
62743
56298
63149
92051
12418
85320
33276
98947
14273
75798
75984
53391
95799
51801
30714
34807
15139
21775
47570
51721
32214
98195
48497
96556
37516
47620
89421
93224
83097
75791
31232
39992
92225
49437
64367
679
14157
21950
42548
31853
41121
85352
31242
20272
61300
46282
32734
2529
85694
11376
8155
44597
63666
91237
7467
46787
93309
92123
26011
79660
62056
99192
20425
76938
18830
82945
18133
46792
70177
29597
81789
6940
42204
84623
24896
81136
60004
6256
89149
41145
81853
93072
74706
47678
78760
77818
716
32171
51204
22395
69827
16928
32296
44551
39280
89646
27780
84282
51184
72499
86681
48199
62720
25053
98314
21183
20601
88150
5954
27180
61484
50722
41818
14905
8980
92704
75787
83620
16598
62065
91218
27853
51536
49961
83522
27693
99784
26911
58783
6501
90312
67435
35777
20998
65369
96335
20405
12677
63716
55201
61706
83473
98388
89061
57895
14632
90835
29564
29323
59728
7270
7446
97237
46114
49192
16207
11618
3593
284
63490
34053
18687
34891
29429
2421
31923
68518
28394
69879
28263
90049
66343
20269
85629
47066
18566
602
68720
47498
53500
52555
56926
19519
34207
52397
57688
79054
53904
92642
94266
32597
18391
52284
54966
74903
61547
30981
60014
77913
61743
49883
17978
30658
16067
35474
34234
36883
34224
76574
72842
84625
34554
96991
98259
18561
70995
50396
96026
4222
46585
47378
30807
20948
3531
77205
26996
45418
66984
19266
87126
87091
64636
20753
97751
6810
98851
27467
47691
75092
79502
15004
2348
11272
12525
89013
83598
54816
41069
71338
54223
51743
62477
38626
58552
19654
82541
64668
86466
54981
81593
72190
18618
52603
2122
87823
82170
22291
66324
97353
12412
79532
33329
67955
21949
3249
9982
97105
8126
96449
74976
52866
87498
39496
39215
32711
26452
46940
86870
60801
11612
18027
30586
88205
30587
73054
35987
24286
20532
73053
26494
11095
3371
39857
24134
40519
85669
62962
50532
96650
46900
90401
83719
80533
27606
69735
90673
46035
6864
16365
90256
59608
93678
10182
89984
39418
75184
7799
81061
22623
88253
29446
13759
21549
71888
98694
79699
83560
15524
34423
81771
70045
53701
83047
18455
77716
89287
42261
61448
38418
74977
35821
88766
97630
1612
73779
63476
7399
85272
80312
68724
89188
67608
89130
956
22182
43289
51588
30078
41627
67660
23136
7143
55848
11147
63812
88805
84483
27381
21963
45705
72956
78652
68060
72195
3573
19688
24761
34910
91466
53494
62896
59406
97769
58935
51963
40944
24975
76819
74626
61992
13361
39948
40922
68092
51312
86159
8038
84431
71423
96376
78727
9942
41901
56709
41517
34833
48474
33108
90999
92296
46417
38076
12975
32024
53837
1820
4615
64105
11968
50372
44428
69649
10726
39340
17359
33749
93932
63845
58004
78248
24830
2823
72382
76577
94685
32622
11656
77897
89257
35999
94669
50843
32153
28747
91055
65825
84441
13137
59884
25290
68875
44964
52793
1365
40558
75441
81869
72904
56780
44723
84957
41994
17830
5975
70903
22467
3760
96590
23809
89145
80393
13778
52004
13126
13229
71212
71906
31237
30257
79136
27066
56375
38143
81161
69295
64552
16959
25726
14878
37511
98658
18739
83706
12887
86044
64615
98368
96312
61561
58440
86194
55306
80756
85261
66413
84225
4476
33976
93785
48374
14603
61168
76641
98428
56410
13000
16769
54027
46578
11615
17409
901
47503
50470
30077
3030
19978
44973
53139
89019
67305
5722
22234
1918
19018
14575
91639
51781
83084
40190
84188
35980
42013
74088
45130
27915
25723
6673
75753
48569
39955
25968
77713
57771
56795
48483
19623
96871
22985
33895
82255
85118
48775
52838
76528
79858
16677
31474
51215
87782
13797
23599
36232
78803
69560
84089
73264
97153
97259
86576
12339
18406
25251
18967
48118
11688
99749
61044
49044
91566
37322
57611
54613
6173
53103
9994
17665
67234
37806
73813
2306
44077
51111
92162
48684
2378
49803
28452
25057
12645
4635
56003
38082
75458
85227
26807
32465
9253
48279
6541
94555
53054
68649
6792
99877
60826
84755
56404
43474
97531
