[79, 44, 89, 24, 36, 14, 10, 10, 5, 59, 66, 91, 62, 11, 60, 54, 22, 61, 41, 51, 52, 21, 12, 1, 7, 33, 30, 79, 78, 40, 48, 98, 56, 39, 85, 8, 84, 51, 23, 13, 22, 26, 37, 66, 47, 21, 72, 67, 16, 3, 22, 87, 88, 6, 56, 85, 8, 8, 76, 7, 47, 23, 14, 84, 95, 22, 78, 46, 48, 16, 22, 34]
[51, 0, 61, 0, 3, 25, 68, 7, 71, 66, 32, 67, 23, 14, 15, 26, 28, 75, 91, 27, 83, 89, 12, 36, 29, 5]
[33, 50, 27, 59, 49, 52, 0, 18, 15, 95, 90, 2, 41, 30, 90, 73, 72, 44, 83, 76, 50, 27, 22, 94, 12, 55, 69, 55, 47, 69, 2, 15, 4, 65, 78, 14, 45, 15, 38, 71, 26, 63, 78, 74, 94, 61, 89, 79, 20, 82, 98, 71, 26, 40, 5, 32, 48, 88, 66, 8, 60, 99, 41, 63, 26, 84, 49, 98, 23, 53, 17, 90, 54, 65, 61, 43, 68, 68, 78, 23, 9, 54, 77, 71, 38, 59]
[62, 49, 75, 66, 93, 19, 54, 26, 56, 69, 26, 27, 6, 37, 52, 58, 22, 62, 81, 47, 72, 59, 70, 22, 11, 92, 44, 11, 13, 52, 18, 99, 4, 9, 58, 75, 21, 83, 35, 2, 81, 78, 51, 11, 91, 24, 88, 82, 49, 1, 38, 74, 15, 84, 5, 63, 66, 89, 5, 34, 50, 61, 73, 25, 62, 42, 92, 31, 46, 43, 38, 6, 82, 39, 24, 85, 92, 54, 25, 62, 26, 55, 79]
[33, 23, 67, 61, 78, 89, 27, 71, 70, 97, 73, 19, 38, 41, 67, 49, 24, 19, 40, 49, 99, 60, 22, 34, 46, 37, 59, 3, 65, 20, 2, 40, 13, 56, 64, 67, 66, 87, 41, 88, 65, 66, 12, 91, 28, 75, 38, 89, 50, 2, 3, 44, 91, 69, 67, 99, 78, 21, 14, 90, 86, 21, 64, 33, 12, 38, 86, 41, 10, 18, 58, 81, 84, 30, 64, 28, 81, 26, 99, 35, 40, 66, 44, 54]
[70, 13, 10, 1, 67, 90, 6, 98, 60, 97, 60, 44, 21, 0, 7, 49, 83, 48, 14, 5, 97, 6, 23, 76, 67, 31, 2, 87, 88, 66, 25, 29, 6, 5, 61, 70, 51, 33, 70, 37, 90, 57, 96, 57, 1, 50, 82, 12, 1, 31, 95, 53, 24, 13, 21, 47, 94, 25, 66, 40, 1, 38, 45, 77, 6, 24, 82, 12, 70, 3, 39, 41, 28]
[91, 64, 11, 28, 68, 50, 37, 75, 45, 92, 62, 86, 91, 91, 42, 60, 46, 85, 44, 40, 71, 50, 88, 94, 32, 35, 73, 33, 28, 80, 45, 17, 97, 68, 11, 1, 40, 47, 67, 33, 23, 80, 55, 12, 64, 0, 25, 84, 74, 67, 96, 11, 20, 1, 43, 97, 27, 61, 79, 45, 86, 34, 6, 44, 8, 17, 36, 47, 46, 55, 84, 61, 83, 16, 85, 59, 37, 24, 70, 21, 33, 82, 95, 6, 89, 51, 66, 54, 88, 85, 69, 48, 35, 16, 16, 32, 6, 93, 69, 8, 4, 21, 11]
[89, 36, 18, 26, 70, 77, 30, 42, 52, 92, 30, 74, 19, 24, 22, 87, 79, 91, 42, 76, 89, 62, 93, 91, 83, 95, 96, 72, 47, 33, 24, 58, 91, 35, 32, 99, 11, 85, 44, 73, 37, 86, 39, 35, 41, 69, 74, 93, 29, 83, 91, 16, 63, 76, 70, 37, 73, 90, 58, 52, 12, 80, 11, 6, 25, 98, 46, 25, 46, 82, 55, 82, 3, 95, 13, 98, 9, 24, 87, 19, 93, 71, 65, 87, 27, 92, 28, 1, 6, 49, 58, 29, 2, 79, 80]
[52, 78, 29, 69, 80, 77, 23, 81, 31, 77, 81, 88, 18, 44, 18, 60, 69, 7, 40, 73, 90, 96, 21, 14, 71, 57, 41, 81, 42, 28, 1, 90, 2, 94, 11, 95, 12, 72, 39, 20, 47, 18, 64, 13, 71, 37, 19, 48, 32, 90, 84, 96, 56, 44, 70, 21, 85, 22, 86, 6, 33, 7, 99, 85, 49, 30, 54, 86, 13, 26, 89, 87, 49, 32, 2, 84, 40, 65, 30, 67, 22, 25, 19, 74, 19, 42, 69, 49, 42, 32, 10, 76, 61, 66, 7, 25, 70, 31]
[34, 34, 40, 41, 1, 30, 12, 63, 72, 41, 79, 76, 18, 48, 7, 86, 59, 23, 91, 62, 35, 9, 6, 20, 31, 91, 40, 80, 16, 14, 47, 56, 33, 88, 49, 12, 41, 35, 31, 37, 67, 20, 93, 43, 29, 61, 68, 91, 29, 91, 59, 43, 97, 73, 65, 69, 9, 9, 31, 83, 57, 12, 8, 20, 45, 33, 97, 66, 37, 70, 85, 96, 56, 78, 67, 83, 7, 77, 65, 51, 95, 84, 79, 58, 90, 20, 94, 54, 57, 42, 23, 58, 5, 99, 44, 74, 6, 4, 67, 37]
[18, 77, 74, 0, 16, 62, 22, 80, 30, 42, 78, 18, 32, 50, 55, 52, 0, 10, 89, 2, 87, 5]
[49, 11, 71, 32, 71, 1, 89, 11, 22, 5]
[57, 53, 71, 76, 84, 36, 15, 35, 99, 98, 1, 61, 83, 59, 25, 11, 51, 95, 35, 42, 94, 99, 66, 80, 55, 8, 23, 3, 97, 43, 62, 59, 66, 14, 10, 16, 59, 92, 71, 41, 26, 31, 13, 68, 43, 56, 43, 26, 19, 28, 9, 57, 25, 86, 38, 11, 61, 17, 72, 44, 44, 49, 27, 41, 63, 48, 76, 49, 17, 37, 43, 53, 52, 11, 43, 21, 61, 77, 61, 10, 15, 33, 28, 17, 89, 10, 39, 10, 3, 15, 53]
[53, 22, 71, 61, 47, 9, 62, 19, 4, 7, 58, 24, 11, 61, 44, 20, 8, 94, 5, 18, 70, 17, 84, 8, 87, 0, 76, 39, 73, 91, 95, 32, 71, 59, 83, 71, 27, 7, 49, 36, 44, 72, 80, 97, 37, 81, 30, 72, 18, 8, 61, 57, 27, 33, 48, 87, 2, 11, 97, 46, 4, 37, 24, 38, 50, 97, 98, 56, 97, 39, 39, 46, 61, 29, 86, 8, 9, 19, 50, 85, 89, 61, 54, 35, 3, 75, 67, 26, 68, 53, 73]
[39, 87, 3, 36, 82, 51, 69, 2, 61, 15, 44, 28, 51, 20, 34, 72, 9, 67, 23, 41, 66, 11, 8, 31, 38, 27, 66, 46, 77, 64, 28, 38, 29, 2, 68, 9, 83, 28, 95, 95, 27, 25, 91, 66, 34, 59, 54, 1, 0, 21, 38, 61, 59]
[16, 2, 12, 56, 58, 78, 59, 10, 40, 61, 43, 2, 53, 61, 48, 54, 55, 87, 9]
[7, 7, 92, 21, 71, 43, 15, 68, 73, 24, 41, 71, 71, 75, 33, 84, 75, 89, 53, 78, 84, 97, 6, 59, 44, 0, 77, 18, 99, 34, 66, 40]
[33, 70, 54, 93, 29, 70, 38, 50, 39, 84, 16, 99, 85, 28, 66, 95, 1, 3, 11, 81, 10, 98, 86, 36, 49, 22, 57, 46, 9, 19, 7, 96, 24, 47, 23, 24, 52, 50, 70, 19, 9, 85, 39, 80, 10, 76, 53, 50, 79, 64, 60, 72, 75, 18, 48, 15, 10, 50, 66, 64, 90, 86, 13, 17, 7, 18, 71, 75, 50, 59, 0, 32, 80, 22, 93, 29, 41, 62, 97, 19, 11, 2, 39, 24, 69, 54]
[67, 57, 93, 15, 20, 26, 88, 71, 36, 79, 49, 56, 64, 18, 30, 77, 94, 84, 25]
[44, 8, 67, 3, 95, 88, 47, 31, 52, 99, 31, 68, 96, 73, 55, 72, 21, 21, 90, 28, 90, 51, 22, 20, 14, 0, 80, 2, 69, 79, 95, 89, 23, 36, 61]
[13, 90, 94, 68, 63, 50, 76, 7, 76, 50, 15, 14, 72, 0, 23, 87, 99, 17, 59, 93, 28, 39, 68, 21, 87, 6, 11, 43, 90, 90, 15, 29, 18, 57, 14, 54, 68, 66, 23, 63, 56, 48, 73, 34, 3, 45, 16]
[39, 0, 69, 34, 88, 4, 45, 18, 36, 89, 61, 78, 73, 61, 74, 63, 87, 33, 75, 98, 8, 75, 0, 17, 17, 27, 67, 87, 70, 85, 94, 92, 3, 30, 99, 30, 51, 39, 34, 5, 47, 33, 45, 68, 49, 2, 87, 30, 29, 79, 60, 48, 48, 18, 25, 8, 26, 55, 86, 4, 33, 56, 67, 1, 21, 23, 13, 75, 74, 22, 23, 90, 79, 11]
[17, 54, 24, 90, 35, 29, 11, 28, 1, 43, 19, 99, 33, 86, 29, 89, 65, 40, 38, 24, 27, 13, 61, 70, 39, 85, 90]
[77, 18, 23, 35, 75, 64, 85, 60, 18]
[80, 61, 78, 88, 14, 42, 77, 19, 38, 28, 82, 91, 5, 54, 28, 34, 69, 3, 47, 55, 37, 5, 72, 38, 37, 88, 91, 71]
[53, 6, 8, 1, 31, 59, 95, 42, 64, 85, 88, 51, 54, 58, 41, 14, 3, 83, 55, 27, 2, 40, 83, 20, 92, 34, 5, 34, 43, 51, 81, 28, 32, 66, 64]
[44, 85, 18, 81, 86, 11, 86, 52, 56, 97, 16, 35, 19, 51, 32, 11, 2, 76, 68, 9, 56, 96, 71, 68, 75, 41, 74, 35, 18, 74, 22, 35, 79, 4, 68, 97, 69, 33, 0, 73, 33, 13, 35, 70, 26, 44, 58, 23, 99, 62, 52, 98, 6, 11, 20, 97, 24, 9, 41, 97]
[79, 10, 86, 46, 94, 82, 97, 72, 98, 35, 92, 35, 2, 90, 84, 51, 43, 92, 78, 42, 99, 30, 38, 20, 86, 38, 61, 57, 8, 94, 70, 6, 57, 55, 51, 12, 68, 9, 92, 57, 63, 55, 89, 2, 92, 36, 16, 27, 54, 4, 72, 8, 28, 33, 58, 47, 90, 32]
[82, 75, 13, 32, 58, 33, 25, 22, 2, 31, 49, 94, 13, 49, 36, 71, 5, 62, 5, 70, 92, 64, 5, 61, 31, 40, 40, 73, 36, 10, 55, 37, 44, 55, 31, 70, 77, 90, 9, 87, 63, 14, 93, 0, 59, 23, 38, 89, 82, 70, 71, 18, 41, 54, 43, 32, 84, 52, 7, 36, 18, 70, 26, 88, 63, 20, 77, 13, 25, 39, 68, 22, 58, 19, 93, 77, 47, 83, 85, 11, 26, 68, 86, 66, 80, 46]
[28, 24, 83, 20, 77, 58, 12, 39, 34, 16, 3, 89, 83, 96, 90, 67, 22, 35, 21, 12, 0, 82, 78, 54, 62, 42, 88, 65, 16, 86, 60, 58, 10, 86, 95, 78, 73, 75, 84, 11, 8, 57, 23, 52, 75, 97, 0, 17, 68, 76, 93, 46, 79, 58, 36, 35, 88, 93, 66, 15, 54, 51, 94, 80]
[23, 13, 35, 38, 67, 40, 62, 38, 85, 66, 89, 57, 52, 65, 67, 74, 36, 14, 13, 60, 9, 44, 88, 37, 54, 53, 94, 77, 77, 30, 56, 37, 29, 53, 40, 62, 32, 5, 44, 33, 15, 98, 84, 91, 56, 69, 77, 54, 80, 80, 85, 49, 92, 75, 0, 6, 79, 11, 29, 41, 47, 92, 20, 58, 71, 9, 16, 19, 5, 1, 38, 32, 12, 57, 67, 38, 24, 40, 92, 94, 53, 14, 67, 17, 21, 88, 10, 47, 17, 70, 38]
[0, 13, 10, 56, 66, 61, 52, 52, 68, 60, 35, 13, 49, 61, 10, 20, 19, 13, 47, 64, 14, 8, 41, 5, 55, 46, 56, 47, 51, 50, 21, 36, 13, 97, 62, 18, 33, 19, 89, 60, 13, 56, 71, 35, 24, 26, 62, 51, 2, 25, 40, 43, 49, 38, 10, 30, 30, 83, 53, 87, 7, 14, 94, 41, 51, 69, 46, 49, 41, 9, 40, 21, 84, 18, 86, 7, 98, 48, 43, 86, 6, 85, 46, 26, 36, 3, 85, 32, 49, 71, 13, 98, 34, 33, 28, 40, 64, 78, 7, 79, 50, 37, 57]
[15, 70, 56, 35, 28, 49, 64, 22, 86, 55, 32, 99, 72, 69, 50, 54, 31, 22, 58, 20, 30, 79, 4, 47, 3, 30, 38, 71, 24, 56, 97, 90, 8, 66, 2, 81, 75, 2, 72, 5, 74, 33, 40, 77, 28, 68, 10, 83, 55, 19, 91, 49, 36, 3, 31, 45, 11, 58, 29, 81, 80, 19, 88, 7, 35, 26, 82, 45, 8, 8, 24, 43, 84, 95, 51, 31, 90, 9, 30, 82, 84, 71, 49, 50, 64, 87, 60, 31, 90, 98, 1, 52, 42, 82, 24, 76, 43, 43, 64, 23]
[24, 68, 56, 89, 24, 73, 22, 19, 63, 60, 49, 7, 65, 45, 36, 92, 80, 97, 90, 90, 42, 50, 66, 34, 96, 63, 11, 81, 38, 20, 76, 28, 53, 21, 80, 13, 88, 56, 56, 55, 74, 26, 40, 37, 40, 50, 52, 76, 90, 0, 92, 74, 1, 92, 44, 51, 87, 66, 32, 29, 54, 97, 74, 46, 10, 78]
[7, 16, 99, 74, 55, 9, 54, 79]
[5, 24, 34, 36, 51, 7, 96, 16, 54, 68, 13, 57, 6, 74, 32, 12, 39, 37, 4, 33, 63, 13, 41, 8, 99, 77, 53, 65, 78, 48, 8, 33, 71, 25, 12, 47, 51, 47, 47, 28, 95, 45, 36, 37, 51, 18, 84, 93, 33, 92, 68]
[4, 9, 32, 77, 51, 75, 34, 65, 83, 1, 13, 58, 95, 55, 88, 1, 62, 46, 96, 22, 85, 99, 21, 42, 38, 12, 62, 12, 31, 37, 86, 77, 76, 70, 51, 13, 57, 28, 83, 38, 28, 61, 30, 60, 68, 91, 9, 4, 6, 54, 20, 58, 74, 82]
[48, 50, 99, 40, 19, 10, 78, 48, 89, 68, 46, 92, 22, 88, 41, 55, 46, 99, 3, 15, 0, 42, 74, 65, 9, 95, 49, 62, 11, 93, 55, 28, 98, 79, 52, 56, 19, 58]
[35, 83, 42, 2, 60, 36, 68, 72, 47, 47, 62, 4, 16, 93, 55, 44, 55, 60, 27, 35, 55, 75, 80, 12, 53, 51, 89, 96, 81, 15, 51, 64, 30, 4, 70, 16, 57, 44, 98, 24, 98, 44, 58, 51, 2, 49, 29, 81, 55, 34]
[24, 16, 32, 72, 87, 10, 61, 63, 17, 27, 43, 34, 8, 45, 60, 75, 39, 88, 36, 16, 98, 77, 69, 41, 22, 56, 66, 48, 74, 0, 18, 50, 64, 3, 12, 40, 21, 17, 5, 91, 88, 30, 72, 22, 44, 20, 17, 80, 84, 23]
[44, 32, 75, 35, 16, 20, 75, 7, 49, 62, 72, 73, 72, 38, 13, 19, 67, 88, 52, 30, 65, 42, 3, 4, 55, 46, 81, 39, 82, 56, 99, 22, 98, 96, 6, 88, 12, 25, 70, 87, 4, 58, 79, 1]
[45, 62, 42, 7, 59, 67]
[30, 63, 23, 92, 72, 40, 22, 88, 5, 96, 92, 32, 3, 72, 2, 40, 2, 39, 17, 39, 49, 49, 46, 99, 3, 17, 35, 79, 9, 0, 18, 67, 95, 85, 54, 96, 58, 6, 9, 78, 95, 57, 37, 66, 1, 82, 96, 73, 63, 6, 34, 0, 29, 31, 50, 27, 15, 57, 39, 58, 71, 27, 85]
[63, 83, 63, 95, 42, 88, 17, 72, 96, 79, 30, 65, 70, 26, 44, 96, 87, 34]
[91, 80, 13, 9, 69, 85, 14, 1, 48, 12, 96, 9, 99, 53, 89, 84, 26, 2, 58, 86, 85, 1, 9, 62, 84, 5, 9, 24, 39, 20, 95, 53, 29, 36, 32, 88, 45, 29, 60, 37, 82, 16, 55, 15, 36, 69, 35, 95, 93, 90, 49, 33, 5, 69, 46, 70]
[16, 85, 52, 53, 72, 71, 94, 79, 44, 39, 65, 5, 34, 97, 38, 4, 17, 28, 1, 27, 8, 27, 4, 11, 37, 47, 58, 99, 56, 40, 50, 69]
[15, 25, 59, 80, 18, 36, 21, 96, 47, 61, 36, 22, 56, 15, 95, 38, 71, 65, 81, 91, 86, 52, 32, 45, 90, 10, 26, 45, 30, 75, 83, 13, 65, 75, 14, 32, 45, 54, 33, 68, 61, 26, 37, 16, 70, 89, 92, 56, 62, 24, 22, 64, 17, 40, 85, 34, 98, 54, 61, 18, 26, 77, 12, 75, 33, 61, 17, 75, 89, 12, 21, 6, 58, 71, 22, 2, 90, 37, 64, 51, 22]
[60, 0, 86, 21, 75, 16, 74, 54, 96, 83, 77, 59, 99, 22, 88, 83, 63, 24, 25, 82, 27, 47, 89, 20, 12, 64, 73, 70, 41, 93, 95, 58, 50, 18, 35, 14, 22, 23, 0]
[13, 76, 68, 98, 58, 23, 67, 42, 31, 4, 18, 27, 33, 4, 28, 30, 35, 0, 97, 26, 2, 81, 53, 37, 91, 99, 40, 50, 92, 24, 62, 96, 59, 99, 85, 82, 94, 62, 16, 0, 27, 17, 16, 25, 33, 87, 66]
[64, 43, 50, 30, 20, 68, 34, 55, 47, 27, 75, 11, 67, 81, 84, 3, 33, 44, 66, 89, 23, 73, 34, 39, 5, 98, 71, 70, 52, 0, 75, 33, 4, 46, 99, 72, 31, 67, 17, 30, 57, 50, 69, 68, 82, 14, 28, 32, 7, 33, 67, 57, 7, 69, 40]
[20, 62, 68, 39, 43, 91, 14, 79, 1, 69, 82, 70, 34, 57, 6, 83, 31, 46, 22, 40, 15, 84, 8, 51, 54, 95, 41, 64, 46, 12, 53, 61, 1, 82, 65, 74, 16, 28, 17, 71, 34, 22, 30, 85, 1, 16, 59, 46, 65, 45, 89, 12, 35, 59, 12, 27, 93, 34, 49, 89, 90, 30, 51, 97, 84, 28, 37, 53, 45, 96, 53, 6, 23, 42, 22, 91, 51, 89, 41, 59, 30, 8, 88, 89, 27, 72, 58, 53]
[12, 63, 91, 44, 8, 87, 85, 15, 89, 25, 16, 58, 26, 94, 38, 2, 89, 99, 46, 38, 90, 65, 31, 46, 27, 71, 85, 59, 36, 99, 91, 52, 60, 81, 71, 13, 63, 89, 89, 4, 44, 43, 38, 68, 96, 37, 45, 31, 78, 17, 75, 34, 41, 99, 76, 74, 5, 84, 40, 95, 97, 40, 99, 39, 52, 20, 79, 26, 51, 40, 84, 20, 28, 14, 95, 87, 84, 64, 77, 39, 49, 59, 93, 4, 47, 49, 52, 17, 92, 34]
[94, 72, 20, 56, 38, 34, 91, 74, 64, 43, 4, 51, 19, 52, 2, 98, 99, 99, 64, 4, 60, 68, 9, 32, 27, 94, 79]
[46, 32, 92, 16, 41, 71, 14, 0, 68, 86, 42, 60, 81, 57, 86, 68, 40, 97, 99, 32, 56, 71, 57, 81, 52, 80, 61, 56, 49, 99, 23, 64, 17, 70, 50, 84, 23, 38, 90, 66, 72, 13, 59, 15, 64, 48, 11, 0, 67, 25, 10, 83, 69, 18, 9, 99, 95, 78, 23, 91, 58, 5, 97, 26, 45, 16, 14, 93, 45, 94, 59, 23, 89, 89, 34, 24, 0, 35, 88, 15, 65, 20, 58, 29, 35, 64, 98, 28, 38, 82, 13, 47, 81, 72, 75, 70, 66, 38]
[55, 80, 0, 29, 25, 73, 22, 44, 14, 31, 88, 63, 58, 48, 8, 13, 55, 32, 34, 11, 51, 90, 1, 53, 92, 83, 39, 15, 52, 77]
[26, 80, 20, 12, 30, 6, 24, 6, 39, 81, 78, 26, 78, 74, 98, 11, 36, 0, 62, 99, 62, 76, 90, 36, 1, 54, 66, 2, 40, 34, 90, 88, 39, 23, 19, 50, 11, 19, 6, 48, 35, 12, 24, 26, 56, 82, 51, 17, 99, 49, 47]
[44, 65, 69, 3, 8, 76, 34, 7, 68, 57, 66, 17, 32, 44, 93, 64, 1, 42, 95, 79, 79, 50, 96, 94, 70, 80, 86, 72, 39, 87, 18, 1, 70, 0, 4, 37, 74, 38, 10, 56, 70, 21, 60, 55, 9, 19, 72, 80]
[87, 79, 37, 54, 34, 4, 46, 80, 50, 18, 64, 66, 83, 14, 50, 83, 83, 4, 39, 61, 70, 11, 53, 92, 46, 36, 90, 23, 93, 9, 47, 25, 34, 85, 1, 22, 9, 98, 51, 38, 62, 94, 20, 79, 87, 71, 41, 58]
[80, 13, 25, 46, 85, 71, 81, 33, 44, 74, 80, 64, 78, 75, 49, 10, 58, 44, 0, 38, 14, 45, 77, 91, 65, 69, 79, 1, 80, 91, 86, 44, 80, 85, 94, 44, 49, 14, 41, 46, 48, 79, 90, 96, 90, 9, 47, 0, 55, 61, 26, 16, 46, 83, 59]
[78, 31, 74, 82, 43, 11, 36, 80, 35, 15, 8, 1, 17, 27, 63, 98, 67, 45, 68, 62, 62, 62, 43, 9, 80, 62, 61, 47, 86, 25, 70, 13, 92, 33, 52]
[96, 52, 11, 85, 83, 4, 24, 16, 93, 22, 15, 91, 31, 51, 28, 58, 47, 52, 42, 70, 16, 47, 47, 75, 37, 33, 37, 28, 17, 72, 4, 97, 21, 31, 37, 0, 83, 66, 69, 10, 52, 8, 38, 62, 87, 40, 16, 94, 81, 35, 83, 90, 50, 24, 72, 25, 10, 60, 27, 8]
[61, 26, 7, 49, 15, 71, 99, 17, 53, 37, 18, 14, 9, 5, 97, 67, 7, 8, 99, 78, 47, 26, 5, 95, 68, 58, 3, 51, 49, 83, 31, 64, 60, 94, 48, 74, 3, 57, 83, 71, 33, 88, 1, 21, 98, 21, 75, 70, 70, 67, 84, 43, 64, 49, 93, 16, 82, 81, 23, 13, 92, 86, 4]
[36, 35, 7, 53, 82, 49, 17, 98, 72, 73, 7, 21, 51, 39, 86, 79, 43, 78, 78, 75, 51, 39, 14, 16, 4, 10, 13, 16, 72, 79, 85, 54, 86, 20, 91, 43, 23, 25, 63, 14, 68, 63, 22, 86, 80]
[86, 70, 44, 25, 28, 37, 71, 28, 46, 87, 43, 89, 38, 30, 95, 46, 10, 15, 40, 95, 3, 71, 13, 42, 30, 52, 33, 4, 66, 72, 66, 38, 70, 7, 62, 11, 71, 73, 58, 88, 41, 2, 27, 98, 87, 29, 18, 49]
[43, 14, 35, 40, 78, 8, 63, 20, 61, 6, 56, 95, 57, 2, 87, 83, 61, 66, 23, 6, 0, 47, 79, 53, 65, 40, 41, 37, 39, 61, 81, 26, 48, 64, 80, 18, 26, 4, 63, 73, 96, 55, 93, 62, 57, 68, 64, 39, 98, 8, 0, 44, 96, 79, 10, 31, 74, 49, 5, 40, 34, 98, 83, 3, 23, 34, 7, 87, 85, 62, 43, 16, 52, 91, 20, 86, 63]
[62, 77, 49, 46, 49, 49, 0, 69, 38, 10, 97, 69, 53, 82, 91, 54, 42, 57, 56, 62, 58, 60, 93, 77, 1, 56, 31, 94, 20, 33, 76, 63, 40, 46, 45, 14, 40, 5, 83, 44, 99, 71, 64, 56, 83, 66, 32, 34, 40, 58, 18, 45, 61, 7, 78, 26, 25, 92, 68, 47, 80, 86, 13, 86, 87, 83, 79, 60, 9, 90, 91, 16, 91, 24, 23, 12, 5, 40, 59, 98, 93, 23, 9, 38, 72, 42, 0, 75, 83, 40, 75, 35]
[52, 95, 64, 92, 53, 66, 56, 22, 63, 8, 11, 2, 84, 76, 45, 55, 49, 38, 82, 63, 52, 9, 20, 60, 69, 54, 1, 30, 12, 30, 16, 63, 44, 54, 75, 31, 27, 93, 13, 95, 95, 76, 46, 91, 35, 2, 25, 23, 57, 72, 41, 62, 31, 97, 87, 45, 20, 72, 15, 75, 54, 77, 26, 75, 23, 99, 10, 67, 33, 50, 69, 90, 43, 84, 48, 93, 16, 16, 54, 73, 7, 27, 33, 50, 65, 16, 65, 41]
[73, 97, 23, 81, 59, 60, 19, 47, 33, 15, 56, 57, 68, 56, 46, 10, 40, 96, 14, 43, 86, 25, 9, 95, 11, 33, 2, 91, 28, 62, 65, 16, 94, 37, 52, 40, 68, 50, 58, 92, 24, 2, 49, 18, 73, 75, 30, 19, 58, 19, 29, 98, 2]
[86, 2, 52, 23, 73, 16, 3, 9, 42, 89, 95, 33, 56, 46, 33, 99, 45, 75, 22, 9, 32, 19, 43, 18]
[70, 79, 58, 32, 2, 85, 90, 91, 39, 8, 13, 2, 60, 58, 79, 13, 42, 39, 42, 19, 71, 70, 19, 56, 42, 40, 79, 60, 88, 62, 12, 78, 24, 32, 14, 98, 68, 55, 84, 57, 98, 34, 98, 51, 90, 18, 83, 42]
[21, 92, 11, 52, 94, 42, 2, 66, 32, 23, 96, 81, 65, 95, 89, 87, 80, 19, 22, 65, 8, 75, 14, 70, 81, 1, 53, 55, 6, 6, 22, 47, 40, 92, 49, 5, 84, 40, 99, 53, 2, 62, 71, 17, 36, 58, 64, 45]
[35, 32, 1, 89, 99, 1, 49]
[65, 27, 0, 44, 12, 68, 9, 94, 36, 13, 76, 70, 75, 57, 11, 38, 63, 83, 32, 34, 37, 13, 67, 5, 29, 76, 85, 81, 89, 7, 9, 19, 93, 10, 83, 85, 66, 73, 85, 51, 47, 25, 10, 2, 52, 37, 40, 17, 54, 72, 62, 35, 60, 68, 72, 59, 68]
[55, 72, 3, 63, 49, 4, 39, 63, 71, 92, 44, 32, 91, 96, 56, 77, 31, 95, 24, 64, 2]
[11, 88, 82, 90, 19, 13, 53, 7, 20, 91, 4, 48, 37, 12, 69, 91, 32, 2, 92, 43, 45, 13, 44, 56, 40, 20, 48, 68, 16, 5, 81, 18, 56, 23, 41, 21, 22, 55, 86, 98, 74, 40, 98, 62, 47, 27, 29, 40, 14]
[5, 41, 22, 35, 91, 4, 64, 12, 19, 90, 76, 22, 85, 33, 81, 17, 58, 88, 40, 41, 88, 12, 99, 80, 61, 35, 58, 54, 38, 8, 86, 93]
[50, 96, 68, 22, 73, 84, 94, 33, 23, 73, 14, 79, 84, 81, 28, 98, 10, 48, 9, 22, 60, 65, 70, 20, 48, 80, 21, 50, 76, 31, 81, 68, 15, 82, 30, 42, 79, 43, 20, 11, 26, 28, 49, 94, 32, 66, 65, 17, 25, 73, 17, 24, 69, 88, 63, 83, 3, 14, 47, 82, 82, 86, 13, 85, 24, 56, 60, 87, 50, 75, 38, 12, 98, 22, 96, 23, 37, 19, 45, 5, 60, 6, 23, 80, 40, 30, 36, 67, 94, 64, 53, 30, 41, 57, 45, 84, 98, 87, 68, 71]
[92, 14, 39, 1, 21, 61, 24, 64, 99, 72, 0, 61, 7, 39, 31, 78, 58, 73, 80, 58, 6, 63, 48, 96, 56, 16, 71, 42, 18, 43, 0, 55, 53, 92, 92, 4, 62, 87, 14, 59, 45, 74, 38, 1, 14, 11, 51, 48, 43, 41, 33, 15, 1, 21, 85, 45, 35, 73, 8, 90, 60, 42, 65, 24, 75, 81, 86, 64, 33, 21, 20, 69, 43, 31, 63, 93]
[74, 74, 97, 45, 5, 17, 34, 90]
[84, 14, 76, 56, 30, 80, 80, 43, 86, 70, 80, 19, 6, 26, 58, 96, 34, 24, 61, 18, 34, 43, 54, 30, 54, 4, 9, 71, 33, 53, 44, 44, 87, 0, 40, 15, 21, 92, 87, 19, 2, 34, 2, 4, 36, 64, 53, 22, 60, 0, 42, 10, 53, 30, 39, 50, 83, 52, 82, 50, 94, 3, 11, 89, 73, 46, 63, 27, 13, 59, 65, 47, 43, 50, 74, 4, 17, 7, 86, 95, 31, 29, 38, 45, 89, 80, 97, 58, 93, 7, 63, 4, 4, 87, 71, 21, 95, 55, 27, 74, 4, 37, 55, 44]
[77, 31, 32, 44, 60, 4, 77, 44, 39, 47, 41, 92, 97, 58, 96, 7, 15, 52, 94, 60, 94, 68, 42, 54, 78, 91, 34, 89, 63, 59, 91, 62, 36, 25, 90, 53, 64, 10, 54, 30, 53, 21, 38, 14, 49, 19, 53, 79, 96, 67, 44, 82, 7, 83, 93, 5, 21, 91, 83, 31, 61, 57, 80, 98, 35, 3, 31, 89, 35, 99, 73, 41, 18, 34, 62]
[84, 7, 27, 54, 94, 92, 18, 31, 40, 57, 73, 75, 38, 22, 64, 80, 56, 33, 46, 79, 21, 4, 16, 75, 41, 32, 95, 10, 51, 0, 27, 62, 49, 3, 49, 55, 67, 44, 65, 58, 95, 21, 57, 13, 84, 34, 23, 91, 88, 93, 18]
[32, 44, 8, 88, 50, 25, 91, 26, 96, 26, 75, 41, 65, 1, 23, 71, 79, 7, 63, 79, 63, 96, 21, 90, 35, 32, 61, 67, 47, 97, 27, 41, 81, 72, 22, 41, 3, 16, 35, 18, 30, 97, 50, 66, 86, 28, 11, 12, 1, 12, 15, 81, 19, 2, 9, 27, 85, 63, 63, 59, 71, 76, 93, 48, 23, 96]
[35, 25, 67, 88, 45, 37, 77, 97, 56, 79, 60, 88, 23, 74, 80, 94, 72, 81, 50, 20, 62, 77, 92, 30, 39, 14, 59, 99, 73, 36, 60, 67, 12, 19, 74, 32, 46, 50, 29, 69, 80, 96, 24, 18, 98, 47, 65, 66, 52, 46, 96, 66, 83, 6, 42, 59, 33, 50, 65, 53, 92, 99, 11, 97, 70, 84, 86, 91, 9, 17, 50, 56, 64, 2, 93, 4, 99, 46, 52, 81, 89, 97, 28, 92, 87]
[50, 11, 28, 85, 74, 86, 18, 93, 94, 92, 99, 72, 72, 10, 60, 76, 38, 4, 23, 95, 85, 65, 74, 46, 24, 7, 24, 85, 55, 18, 19, 35, 20, 50, 51, 63, 31, 76, 45, 81, 17, 10, 72, 59, 13, 87, 20, 16, 29, 92, 67, 16, 79, 7, 23, 52, 95, 40, 0, 10, 63, 49, 54, 41, 90, 84, 15, 3, 88, 39, 77, 62, 67, 48, 38, 78, 41, 14, 55, 56, 81, 98, 70, 70, 75, 59, 82, 44]
[64, 96, 74, 79, 85, 48, 41, 9, 65, 25, 99, 16, 29, 57, 55, 6, 18, 98, 10, 74, 16, 8, 74, 47, 6, 65, 17, 7]
[88, 95, 6, 8, 73, 73, 67, 20, 38, 31, 75, 6, 55, 27, 97, 27, 96, 81, 0, 89, 60, 19, 40, 99, 84, 28, 68, 77, 76, 5, 87, 84, 95, 8, 34, 14, 34]
[10, 20, 44, 96, 82, 92, 41, 62, 5, 69]
[82, 10, 99, 39, 30, 10, 46, 31, 84, 24, 86, 92, 74, 71, 10, 14, 44, 2, 5, 38, 96, 71, 41, 32, 74, 23, 28, 96, 1]
[80, 67, 15, 3, 79, 73, 25, 73, 30, 59, 98, 24, 87, 68, 33, 1, 54, 9, 45, 57, 75, 18, 71, 30, 84, 39, 81, 25, 4, 13, 23, 91, 14, 53, 54, 98, 91, 41, 3, 54, 29, 27, 20, 18, 85, 3, 66, 17, 94, 56, 2, 32, 7, 23, 22, 3, 19, 44, 38, 80, 17, 84, 56, 1, 23, 54, 24, 32, 78, 30, 29, 85, 51, 61, 1, 48, 58, 65, 81, 75, 27, 0, 54, 63, 55, 67, 9, 0, 82, 39, 26, 13, 88]
[66, 44, 66, 0, 16, 32, 24, 88, 22, 84, 30, 13, 46, 87, 44, 41, 11, 66, 29, 86, 19, 96, 85, 15, 1, 64, 70, 82, 33, 16, 81, 59, 21, 80, 19]
[89, 97, 30, 85, 38, 26, 47, 64, 55, 35]
[57, 64, 26, 24, 72, 4, 27, 94, 45, 2, 28, 86, 64, 61, 73, 13, 23, 79, 22, 14, 34, 43, 37, 17, 43, 39, 54, 14, 25, 50, 72, 9, 78, 75, 2, 4, 71, 97, 36, 43, 74, 30, 52, 22, 11, 92, 72, 14, 31, 19, 45, 91, 25, 56, 67, 13, 36, 92, 93, 66, 80, 54, 67, 59, 42, 10, 88, 4, 24, 59, 15, 78, 79, 7, 18, 94, 30, 92, 33, 69, 54, 17, 25]
[42, 2, 71, 19, 30, 34, 8, 4, 14, 96, 45, 10, 39, 52, 63, 16, 96, 89, 85, 92, 98, 65, 30, 54, 6, 80, 5, 83, 19, 0, 24, 70, 24, 0, 31, 43, 92, 41, 95, 12, 42, 5, 19, 50, 22, 52, 94, 97, 40, 77, 7, 39, 7, 31, 35, 3, 11, 12, 56, 16, 63, 8, 88, 62, 16, 44, 15, 71, 95, 74, 74, 71, 18, 78, 13, 27, 37, 82, 52, 29, 7, 17, 32, 75, 36, 38, 0, 49, 94, 6, 19, 75, 84, 27, 98, 12, 80, 79, 63, 8]
[71, 88, 88, 20, 88, 82, 35, 2, 61, 83, 27, 37, 76, 90, 10, 54, 5, 85, 16, 13, 97, 29, 5, 3, 64, 58, 71, 1]
[90, 21, 48, 22, 53, 74, 41, 16, 54, 70, 20, 73, 0, 22, 68, 23, 28, 49, 0, 28, 60, 58, 87, 47, 36, 23, 5, 83, 39, 1, 24, 50, 61, 87, 38, 19, 49, 58, 16, 15, 34, 88, 10, 66, 48, 51, 11, 34, 83, 36, 49, 88, 88, 54, 20, 37, 84, 30, 2, 24, 96, 32, 92, 59, 55, 44, 53, 43, 43, 78, 69, 79, 59, 53]
[34, 85, 49, 32, 26, 81, 18, 51, 1, 66, 37, 51, 70, 32, 52, 69, 86, 20, 11]
[77, 73, 6, 54, 2, 43, 74, 47, 59, 58, 48, 97, 84, 88, 57, 41, 56, 28, 52, 24, 19, 31, 66, 60, 41, 34, 95, 52, 14, 29, 67, 14, 24, 1, 95, 56, 47, 85, 88, 4, 1, 64, 65, 29, 5, 21, 42, 92, 79, 91, 23, 65, 43, 23, 99, 23, 36, 26, 88, 12, 20, 20, 20, 24, 47, 73, 7, 57, 52, 82, 0, 84, 63, 84, 39, 58, 71, 60, 92, 51, 4, 15, 46, 43, 46, 4, 26, 10, 6, 78, 26]
[21, 21, 12, 19, 77, 39, 78, 53, 48, 35, 48, 3, 15, 10, 79, 98, 46, 70, 53, 32, 62, 80, 52, 64, 62, 98, 82, 7, 51, 23, 58, 42, 34, 45, 16, 14, 40, 45, 73, 59, 22, 34, 69, 54, 31, 27, 41, 61, 56, 10, 55, 34, 89, 13, 66, 93, 44, 30, 72, 17, 34, 99, 48, 65, 17, 75, 15, 91, 4, 48, 44, 96, 95, 29, 36, 81, 65, 23, 30, 85, 32, 67, 7, 14, 23, 23, 40, 86, 86, 49, 34, 44, 31, 52, 92, 78]
[38, 9, 33, 60, 97, 75, 52, 15, 76, 31, 7, 74, 52, 68, 5, 94, 76, 7, 6, 36, 18, 91, 64, 9, 68, 61, 66, 9, 0, 30, 82, 34, 7, 31, 10, 45, 67, 16, 3, 12, 16, 31, 64, 49, 28, 68, 44, 5, 86, 63, 99, 91, 72, 47, 36, 90, 38, 67, 30, 74, 34, 83, 82, 93, 31, 78, 76, 99, 19, 96, 4, 22, 56, 93, 71, 81, 65, 12, 0, 42, 9, 52, 45, 78, 81, 96, 13, 62, 86, 62, 73, 9, 72, 85, 25, 83, 28, 31]
