[50, 57, 77, 124, 199, 209, 262, 361, 457, 473, 561, 633, 642, 651, 663, 759, 840, 925, 955, 958, 1019, 1069, 1137, 1148, 1208, 1255, 1292, 1309, 1407, 1445, 1495, 1593, 1681, 1779, 1818, 1823, 1920, 1995, 2078, 2114, 2159, 2178, 2241, 2286, 2348, 2436, 2479, 2491, 2514, 2525, 2579, 2656, 2726, 2814, 2903, 2964, 3061, 3089, 3103, 3175, 3245, 3248, 3305, 3315, 3318, 3347, 3396, 3493, 3585, 3666, 3747, 3790]
[81, 114, 152, 205, 206, 220, 289, 344, 415, 422, 503, 535, 628, 677, 774, 804, 864, 883, 913, 975, 1073, 1128, 1200, 1219, 1272, 1300]
[56, 120, 187, 260, 313, 334, 412, 459, 527, 529, 577, 624, 658, 732, 744, 771, 780, 799, 872, 903, 911, 961, 1017, 1068, 1151, 1240, 1266, 1283, 1360, 1378, 1475, 1497, 1511, 1597, 1644, 1673, 1687, 1688, 1757, 1774, 1838, 1840, 1900, 1973, 2034, 2092, 2188, 2222, 2299, 2314, 2406, 2499, 2589, 2682, 2742, 2764, 2848, 2911, 2916, 2952, 3022, 3107, 3124, 3147, 3162, 3227, 3299, 3337, 3417, 3511, 3571, 3642, 3726, 3789, 3888, 3974, 4048, 4113, 4191, 4225, 4259, 4287, 4319, 4357, 4402, 4468]
[29, 124, 211, 243, 327, 327, 346, 355, 404, 467, 532, 583, 635, 641, 655, 741, 743, 745, 773, 861, 946, 1018, 1033, 1065, 1160, 1250, 1316, 1321, 1335, 1385, 1418, 1457, 1476, 1531, 1622, 1628, 1716, 1763, 1806, 1898, 1899, 1951, 2018, 2073, 2171, 2251, 2320, 2403, 2489, 2547, 2625, 2647, 2714, 2739, 2795, 2866, 2938, 3028, 3048, 3145, 3241, 3323, 3388, 3404, 3406, 3432, 3472, 3570, 3629, 3681, 3738, 3761, 3801, 3816, 3864, 3951, 3962, 4042, 4048, 4128, 4137, 4168, 4213]
[10, 106, 199, 298, 339, 373, 444, 491, 520, 526, 566, 627, 638, 654, 655, 693, 744, 758, 814, 896, 918, 975, 1057, 1081, 1130, 1193, 1220, 1293, 1324, 1389, 1394, 1419, 1455, 1483, 1544, 1555, 1584, 1636, 1648, 1702, 1769, 1796, 1872, 1875, 1950, 1995, 2072, 2158, 2160, 2230, 2319, 2397, 2443, 2491, 2539, 2586, 2673, 2688, 2761, 2775, 2834, 2908, 2912, 2925, 3008, 3018, 3117, 3160, 3212, 3222, 3283, 3283, 3378, 3471, 3510, 3563, 3582, 3646, 3728, 3751, 3823, 3901, 3923, 3929]
[93, 99, 162, 233, 325, 423, 465, 555, 566, 585, 619, 652, 710, 735, 814, 830, 884, 950, 996, 1048, 1082, 1180, 1269, 1316, 1399, 1467, 1558, 1612, 1690, 1700, 1738, 1743, 1765, 1780, 1854, 1871, 1882, 1924, 1926, 1935, 2018, 2095, 2127, 2177, 2238, 2261, 2298, 2316, 2338, 2391, 2396, 2443, 2524, 2531, 2619, 2686, 2716, 2747, 2789, 2827, 2925, 2997, 3074, 3122, 3204, 3267, 3273, 3293, 3358, 3423, 3470, 3569, 3652]
[52, 149, 217, 281, 295, 311, 380, 439, 499, 518, 549, 572, 620, 698, 747, 797, 831, 914, 936, 993, 1091, 1115, 1117, 1188, 1261, 1332, 1380, 1404, 1426, 1443, 1454, 1547, 1556, 1604, 1678, 1699, 1745, 1747, 1775, 1821, 1847, 1847, 1879, 1940, 2000, 2085, 2165, 2208, 2263, 2338, 2387, 2426, 2469, 2496, 2569, 2581, 2600, 2699, 2703, 2722, 2724, 2815, 2866, 2935, 2950, 2959, 3047, 3111, 3143, 3181, 3205, 3291, 3349, 3419, 3503, 3576, 3672, 3707, 3760, 3772, 3851, 3882, 3962, 3990, 4075, 4137, 4163, 4245, 4282, 4328, 4427, 4479, 4557, 4581, 4636, 4637, 4672, 4717, 4729, 4785, 4811, 4875, 4929]
[69, 69, 72, 148, 220, 285, 377, 474, 535, 575, 672, 700, 784, 798, 836, 904, 946, 978, 978, 1028, 1120, 1166, 1215, 1289, 1332, 1386, 1395, 1489, 1588, 1627, 1640, 1730, 1812, 1869, 1889, 1975, 2060, 2096, 2179, 2228, 2268, 2297, 2321, 2338, 2436, 2488, 2583, 2610, 2689, 2786, 2879, 2887, 2963, 3039, 3127, 3204, 3293, 3328, 3379, 3386, 3404, 3460, 3556, 3643, 3649, 3666, 3708, 3785, 3824, 3913, 3965, 3967, 4061, 4114, 4131, 4137, 4233, 4284, 4311, 4351, 4361, 4392, 4414, 4485, 4577, 4630, 4682, 4700, 4729, 4802, 4815, 4907, 4950, 4951, 5016]
[31, 60, 92, 168, 225, 257, 272, 328, 371, 404, 502, 502, 588, 610, 670, 730, 826, 851, 935, 1010, 1011, 1031, 1125, 1125, 1215, 1249, 1265, 1353, 1382, 1452, 1485, 1505, 1567, 1633, 1691, 1774, 1781, 1788, 1860, 1883, 1939, 2008, 2098, 2130, 2172, 2209, 2273, 2353, 2400, 2488, 2564, 2577, 2645, 2725, 2766, 2849, 2882, 2913, 2997, 3041, 3118, 3142, 3202, 3255, 3331, 3341, 3420, 3445, 3459, 3488, 3531, 3618, 3642, 3724, 3754, 3774, 3870, 3943, 3993, 4059, 4062, 4066, 4150, 4156, 4229, 4302, 4350, 4361, 4439, 4456, 4464, 4553, 4577, 4595, 4646, 4680, 4713, 4766]
[24, 54, 153, 188, 233, 302, 400, 404, 478, 521, 605, 645, 648, 710, 756, 778, 799, 844, 879, 971, 1043, 1047, 1120, 1191, 1257, 1334, 1370, 1377, 1401, 1428, 1451, 1462, 1522, 1601, 1680, 1686, 1768, 1797, 1842, 1842, 1909, 1983, 2005, 2048, 2089, 2177, 2221, 2290, 2344, 2374, 2376, 2402, 2440, 2440, 2442, 2460, 2516, 2594, 2619, 2635, 2716, 2717, 2778, 2829, 2845, 2911, 2959, 3027, 3060, 3128, 3162, 3204, 3227, 3236, 3238, 3325, 3406, 3461, 3464, 3560, 3635, 3677, 3738, 3760, 3848, 3941, 3992, 4038, 4125, 4148, 4170, 4264, 4313, 4392, 4466, 4501, 4528, 4589, 4611, 4690]
[79, 132, 227, 238, 252, 267, 313, 356, 390, 453, 463, 543, 560, 589, 681, 754, 840, 856, 931, 948, 960, 1017]
[23, 24, 66, 149, 185, 219, 305, 315, 323, 375]
[53, 83, 147, 215, 223, 289, 330, 362, 455, 466, 563, 566, 644, 659, 672, 741, 819, 860, 955, 995, 1038, 1085, 1139, 1180, 1262, 1275, 1309, 1332, 1375, 1391, 1486, 1488, 1532, 1607, 1663, 1762, 1778, 1870, 1883, 1950, 2035, 2106, 2151, 2195, 2223, 2226, 2237, 2331, 2403, 2454, 2534, 2536, 2548, 2569, 2610, 2636, 2676, 2706, 2727, 2751, 2768, 2810, 2833, 2930, 3005, 3034, 3058, 3142, 3183, 3233, 3236, 3286, 3306, 3389, 3466, 3521, 3541, 3553, 3626, 3640, 3644, 3671, 3709, 3737, 3830, 3876, 3927, 3996, 4019, 4053, 4067]
[2, 88, 173, 241, 284, 335, 356, 398, 478, 478, 490, 557, 573, 652, 719, 794, 865, 948, 1020, 1104, 1138, 1176, 1208, 1259, 1312, 1389, 1474, 1504, 1512, 1557, 1606, 1704, 1750, 1800, 1863, 1959, 1994, 1995, 2034, 2117, 2152, 2236, 2269, 2349, 2434, 2441, 2444, 2482, 2495, 2495, 2585, 2666, 2765, 2843, 2905, 2929, 2943, 2944, 3009, 3010, 3096, 3160, 3230, 3256, 3328, 3339, 3427, 3454, 3461, 3498, 3542, 3562, 3578, 3609, 3637, 3697, 3753, 3845, 3930, 3974, 4021, 4034, 4076, 4114, 4147, 4165, 4236, 4289, 4348, 4400, 4441]
[3, 101, 148, 151, 187, 193, 213, 282, 331, 429, 512, 526, 551, 571, 650, 682, 705, 730, 754, 800, 879, 889, 909, 958, 977, 1074, 1123, 1154, 1168, 1265, 1333, 1426, 1437, 1516, 1604, 1615, 1677, 1711, 1795, 1855, 1915, 1942, 2027, 2109, 2180, 2186, 2253, 2317, 2328, 2424, 2490, 2530, 2596]
[19, 81, 118, 179, 188, 280, 367, 456, 472, 534, 540, 571, 662, 715, 763, 789, 820, 857, 948]
[57, 134, 221, 246, 327, 404, 439, 469, 485, 535, 568, 577, 607, 631, 715, 735, 814, 882, 901, 931, 937, 1009, 1106, 1148, 1194, 1205, 1205, 1268, 1358, 1360, 1418, 1512]
[73, 131, 164, 195, 213, 288, 294, 330, 356, 413, 441, 466, 505, 590, 656, 734, 748, 792, 854, 951, 993, 1042, 1090, 1162, 1191, 1268, 1312, 1374, 1444, 1469, 1552, 1582, 1587, 1663, 1697, 1703, 1749, 1801, 1803, 1803, 1842, 1938, 1990, 2064, 2130, 2193, 2198, 2243, 2332, 2347, 2421, 2481, 2573, 2638, 2705, 2729, 2786, 2796, 2861, 2866, 2923, 2941, 2946, 3036, 3119, 3161, 3175, 3235, 3268, 3284, 3337, 3354, 3410, 3471, 3547, 3565, 3641, 3687, 3757, 3757, 3779, 3875, 3921, 3980, 3987, 3996]
[85, 179, 261, 270, 276, 336, 432, 486, 570, 646, 723, 802, 880, 946, 974, 1035, 1038, 1083, 1167]
[73, 127, 154, 186, 255, 300, 306, 385, 398, 414, 513, 530, 540, 570, 580, 666, 729, 828, 925, 937, 1028, 1111, 1190, 1259, 1281, 1327, 1381, 1434, 1471, 1557, 1559, 1657, 1698, 1716, 1813]
[65, 118, 142, 197, 230, 243, 273, 293, 367, 416, 443, 456, 466, 490, 572, 633, 642, 734, 801, 891, 898, 944, 952, 1047, 1064, 1128, 1188, 1232, 1287, 1349, 1374, 1457, 1461, 1506, 1525, 1588, 1673, 1708, 1717, 1718, 1806, 1861, 1896, 1941, 2029, 2110, 2187]
[35, 86, 101, 197, 277, 330, 372, 436, 500, 580, 631, 708, 771, 833, 923, 1004, 1081, 1175, 1224, 1229, 1326, 1371, 1414, 1498, 1518, 1559, 1642, 1683, 1779, 1874, 1952, 1984, 2081, 2163, 2172, 2183, 2270, 2333, 2352, 2352, 2435, 2463, 2463, 2512, 2543, 2567, 2656, 2725, 2763, 2798, 2830, 2929, 2970, 3048, 3131, 3203, 3217, 3280, 3318, 3379, 3467, 3496, 3517, 3600, 3666, 3737, 3771, 3771, 3788, 3834, 3838, 3925, 3983, 4014]
[6, 59, 153, 241, 256, 323, 329, 392, 427, 476, 546, 613, 676, 718, 749, 799, 835, 925, 966, 1005, 1037, 1037, 1135, 1233, 1320, 1366, 1448]
[17, 37, 114, 188, 233, 278, 320, 414, 505]
[67, 129, 168, 246, 264, 283, 330, 397, 407, 504, 542, 550, 641, 671, 683, 767, 815, 837, 925, 955, 1020, 1114, 1145, 1193, 1257, 1326, 1333, 1409]
[20, 54, 66, 99, 102, 103, 186, 194, 282, 350, 399, 405, 422, 492, 574, 641, 720, 767, 838, 912, 924, 1009, 1103, 1154, 1218, 1264, 1307, 1355, 1373, 1457, 1552, 1604, 1659, 1715, 1717]
[72, 120, 181, 240, 260, 308, 362, 427, 502, 578, 638, 642, 666, 686, 782, 863, 929, 930, 1007, 1039, 1056, 1103, 1162, 1234, 1295, 1303, 1307, 1335, 1349, 1427, 1428, 1435, 1489, 1551, 1648, 1675, 1709, 1790, 1810, 1865, 1883, 1926, 1942, 1961, 2007, 2092, 2145, 2215, 2232, 2247, 2248, 2341, 2391, 2407, 2468, 2483, 2500, 2581, 2660, 2720]
[1, 81, 159, 171, 266, 340, 375, 459, 548, 555, 568, 573, 662, 725, 788, 818, 904, 946, 994, 1089, 1142, 1194, 1269, 1312, 1312, 1360, 1421, 1481, 1568, 1602, 1680, 1756, 1776, 1863, 1933, 2000, 2039, 2123, 2215, 2308, 2401, 2446, 2483, 2575, 2579, 2604, 2612, 2629, 2710, 2741, 2778, 2797, 2886, 2887, 2935, 2983, 3054, 3058]
[23, 64, 113, 191, 198, 233, 277, 367, 453, 466, 486, 509, 543, 577, 658, 660, 750, 785, 844, 926, 1013, 1085, 1170, 1266, 1344, 1404, 1409, 1462, 1560, 1576, 1609, 1630, 1633, 1728, 1818, 1911, 1983, 2002, 2021, 2033, 2048, 2136, 2158, 2208, 2220, 2275, 2364, 2368, 2461, 2527, 2547, 2583, 2597, 2669, 2720, 2753, 2810, 2838, 2898, 2920, 2987, 3024, 3051, 3064, 3145, 3197, 3207, 3271, 3358, 3394, 3482, 3505, 3508, 3573, 3609, 3683, 3703, 3785, 3789, 3877, 3928, 4001, 4082, 4120, 4201, 4272]
[9, 87, 161, 255, 294, 360, 424, 491, 587, 646, 660, 721, 735, 800, 835, 911, 1002, 1048, 1131, 1192, 1219, 1294, 1350, 1382, 1471, 1471, 1559, 1656, 1703, 1715, 1797, 1851, 1858, 1869, 1873, 1955, 2052, 2075, 2090, 2132, 2194, 2271, 2322, 2371, 2460, 2469, 2470, 2556, 2589, 2678, 2688, 2776, 2798, 2877, 2929, 3012, 3031, 3036, 3096, 3147, 3240, 3255, 3286, 3320]
[95, 148, 230, 318, 341, 405, 426, 521, 566, 588, 628, 696, 750, 830, 891, 988, 1031, 1047, 1119, 1201, 1229, 1288, 1328, 1422, 1484, 1572, 1576, 1633, 1659, 1708, 1766, 1863, 1932, 1969, 2010, 2027, 2091, 2118, 2159, 2226, 2290, 2389, 2412, 2466, 2552, 2629, 2658, 2658, 2681, 2763, 2786, 2830, 2858, 2883, 2902, 2988, 3023, 3083, 3088, 3129, 3150, 3247, 3324, 3395, 3458, 3497, 3596, 3654, 3669, 3738, 3756, 3816, 3840, 3845, 3854, 3932, 3992, 4023, 4067, 4075, 4151, 4224, 4322, 4341, 4341, 4348, 4395, 4486, 4530, 4553, 4579]
[63, 98, 137, 216, 267, 362, 391, 424, 517, 603, 653, 655, 656, 719, 812, 903, 903, 915, 959, 993, 1073, 1094, 1118, 1173, 1191, 1228, 1318, 1364, 1413, 1417, 1456, 1522, 1525, 1584, 1667, 1726, 1764, 1787, 1847, 1907, 1932, 1950, 1957, 1959, 1973, 1975, 2013, 2046, 2076, 2175, 2219, 2220, 2267, 2348, 2427, 2447, 2531, 2554, 2593, 2633, 2640, 2709, 2787, 2792, 2852, 2868, 2869, 2931, 2985, 2989, 3049, 3146, 3223, 3254, 3256, 3332, 3384, 3454, 3471, 3547, 3568, 3587, 3640, 3735, 3827, 3878, 3946, 4020, 4048, 4074, 4172, 4256, 4312, 4394, 4479, 4532, 4542, 4615, 4650, 4740, 4813, 4816, 4884]
[20, 48, 119, 218, 303, 309, 375, 457, 480, 531, 580, 626, 655, 663, 693, 732, 745, 834, 856, 917, 973, 1066, 1147, 1241, 1246, 1332, 1384, 1423, 1489, 1560, 1560, 1602, 1635, 1689, 1763, 1847, 1884, 1944, 1969, 1978, 1981, 1997, 2012, 2108, 2170, 2227, 2253, 2311, 2395, 2418, 2430, 2439, 2536, 2541, 2554, 2598, 2631, 2640, 2727, 2758, 2764, 2861, 2925, 3006, 3023, 3085, 3096, 3147, 3181, 3223, 3293, 3368, 3389, 3454, 3504, 3596, 3682, 3740, 3823, 3881, 3969, 3971, 3997, 4020, 4089, 4150, 4224, 4300, 4366, 4464, 4522, 4605, 4673, 4730, 4730, 4745, 4759, 4823, 4850, 4887]
[36, 108, 153, 205, 256, 321, 371, 375, 443, 511, 604, 622, 684, 725, 739, 744, 821, 899, 934, 994, 1082, 1142, 1205, 1304, 1395, 1451, 1515, 1586, 1652, 1746, 1809, 1855, 1902, 1992, 2086, 2144, 2158, 2208, 2226, 2233, 2252, 2308, 2342, 2438, 2527, 2536, 2631, 2670, 2717, 2785, 2837, 2918, 2967, 3023, 3064, 3111, 3196, 3294, 3345, 3442, 3469, 3517, 3532, 3538, 3637, 3637]
[57, 145, 145, 240, 303, 383, 444, 540]
[41, 57, 94, 122, 131, 167, 211, 216, 273, 349, 421, 471, 558, 630, 711, 715, 715, 794, 833, 891, 967, 1007, 1028, 1033, 1121, 1166, 1241, 1286, 1317, 1399, 1428, 1480, 1570, 1601, 1641, 1651, 1712, 1793, 1827, 1872, 1948, 2024, 2098, 2152, 2169, 2210, 2253, 2342, 2349, 2417, 2451]
[73, 97, 171, 238, 261, 332, 419, 517, 613, 618, 624, 713, 768, 861, 960, 990, 992, 1076, 1118, 1194, 1203, 1241, 1255, 1350, 1411, 1457, 1491, 1508, 1555, 1592, 1661, 1744, 1788, 1843, 1846, 1887, 1901, 1962, 2013, 2025, 2055, 2093, 2095, 2136, 2197, 2202, 2242, 2258, 2291, 2321, 2337, 2364, 2441, 2525]
[66, 75, 94, 140, 146, 147, 225, 233, 280, 313, 410, 421, 439, 506, 532, 610, 612, 684, 760, 797, 825, 881, 889, 899, 903, 971, 1068, 1165, 1203, 1244, 1318, 1391, 1474, 1527, 1551, 1574, 1605, 1675]
[46, 97, 196, 270, 328, 402, 453, 518, 548, 623, 647, 648, 652, 693, 745, 806, 825, 895, 916, 981, 1023, 1112, 1132, 1140, 1211, 1298, 1320, 1415, 1421, 1471, 1503, 1532, 1533, 1556, 1601, 1613, 1655, 1726, 1759, 1799, 1799, 1896, 1965, 2055, 2131, 2221, 2233, 2310, 2373, 2392]
[93, 168, 232, 275, 294, 315, 370, 437, 452, 547, 561, 573, 661, 726, 746, 808, 831, 914, 1000, 1061, 1139, 1154, 1221, 1314, 1373, 1374, 1396, 1492, 1528, 1604, 1661, 1744, 1813, 1893, 1978, 2047, 2110, 2197, 2240, 2315, 2359, 2443, 2450, 2547, 2638, 2675, 2705, 2783, 2849, 2894]
[91, 104, 126, 152, 226, 264, 282, 380, 391, 472, 544, 594, 679, 770, 807, 850, 895, 966, 1042, 1106, 1177, 1255, 1265, 1350, 1448, 1453, 1529, 1584, 1658, 1739, 1838, 1915, 1963, 1965, 1969, 1971, 1971, 2057, 2086, 2100, 2184, 2281, 2330, 2388]
[44, 94, 149, 218, 241, 327]
[3, 60, 159, 188, 232, 263, 341, 354, 365, 450, 463, 467, 524, 608, 693, 786, 829, 911, 928, 971, 1000, 1060, 1138, 1157, 1254, 1277, 1374, 1409, 1508, 1597, 1672, 1706, 1729, 1790, 1858, 1933, 1960, 2016, 2032, 2038, 2068, 2159, 2248, 2297, 2359, 2454, 2546, 2626, 2628, 2635, 2713, 2732, 2787, 2880, 2972, 3040, 3084, 3120, 3150, 3169, 3222, 3246, 3278]
[53, 83, 100, 137, 228, 284, 359, 372, 453, 453, 506, 532, 598, 679, 693, 753, 838, 889]
[60, 126, 177, 267, 306, 357, 442, 448, 497, 497, 544, 567, 652, 674, 717, 725, 818, 910, 1000, 1093, 1154, 1201, 1246, 1334, 1365, 1384, 1387, 1468, 1516, 1604, 1702, 1771, 1819, 1846, 1934, 1934, 2019, 2087, 2094, 2111, 2210, 2279, 2297, 2302, 2390, 2435, 2533, 2582, 2658, 2681, 2759, 2782, 2858, 2913, 2964, 2994]
[40, 127, 187, 217, 299, 375, 409, 466, 535, 631, 684, 750, 759, 782, 783, 815, 893, 988, 1062, 1091, 1112, 1143, 1220, 1288, 1385, 1401, 1401, 1401, 1430, 1450, 1460, 1543]
[25, 58, 82, 85, 131, 171, 258, 353, 388, 438, 536, 631, 687, 743, 772, 851, 901, 962, 974, 1055, 1133, 1207, 1238, 1311, 1329, 1420, 1515, 1536, 1562, 1594, 1598, 1673, 1758, 1837, 1913, 1929, 2015, 2085, 2103, 2125, 2140, 2181, 2195, 2229, 2231, 2322, 2356, 2360, 2446, 2524, 2582, 2647, 2717, 2802, 2809, 2867, 2894, 2919, 2974, 2985, 2997, 3022, 3099, 3163, 3165, 3169, 3203, 3242, 3313, 3357, 3446, 3486, 3515, 3548, 3611, 3624, 3681, 3752, 3764, 3792, 3830]
[9, 103, 142, 161, 250, 284, 301, 316, 377, 419, 466, 472, 508, 550, 647, 739, 741, 805, 824, 862, 933, 1015, 1110, 1133, 1136, 1178, 1257, 1276, 1313, 1375, 1407, 1497, 1584, 1642, 1658, 1697, 1770, 1798, 1856]
[61, 154, 200, 258, 290, 316, 394, 467, 538, 587, 592, 670, 737, 817, 848, 884, 899, 932, 1016, 1021, 1053, 1136, 1171, 1184, 1213, 1223, 1319, 1319, 1355, 1439, 1443, 1453, 1542, 1603, 1605, 1619, 1670, 1752, 1770, 1770, 1790, 1875, 1896, 1922, 1982, 2034, 2070]
[36, 128, 184, 267, 360, 445, 461, 557, 571, 589, 667, 701, 738, 793, 886, 932, 935, 1005, 1016, 1101, 1160, 1160, 1184, 1270, 1290, 1361, 1363, 1401, 1496, 1551, 1572, 1592, 1602, 1654, 1712, 1727, 1796, 1853, 1894, 1934, 1990, 2051, 2113, 2116, 2116, 2145, 2177, 2255, 2298, 2330, 2391, 2394, 2413, 2445, 2533]
[60, 152, 247, 296, 320, 323, 343, 402, 457, 512, 522, 602, 686, 725, 732, 823, 888, 890, 985, 1001, 1010, 1069, 1101, 1177, 1179, 1252, 1278, 1294, 1310, 1334, 1343, 1353, 1365, 1417, 1482, 1580, 1593, 1609, 1680, 1712, 1735, 1745, 1781, 1842, 1891, 1939, 1950, 2015, 2054, 2108, 2153, 2237, 2279, 2341, 2396, 2433, 2444, 2469, 2557, 2624, 2702, 2790, 2821, 2893, 2898, 2972, 2976, 3014, 3031, 3075, 3174, 3199, 3268, 3275, 3314, 3398, 3494, 3532, 3608, 3677, 3768, 3824, 3916, 3930, 4006, 4043, 4113, 4153]
[2, 30, 83, 96, 136, 221, 237, 331, 356, 445, 477, 495, 525, 558, 629, 699, 786, 842, 866, 874, 926, 999, 1078, 1082, 1127, 1169, 1190, 1213, 1284, 1382, 1429, 1496, 1525, 1532, 1624, 1692, 1720, 1727, 1801, 1814, 1834, 1878, 1955, 1994, 2041, 2138, 2182, 2236, 2321, 2411, 2426, 2487, 2570, 2662, 2761, 2817, 2864, 2920, 2944, 2965, 3054, 3142, 3230, 3247, 3325, 3365, 3387, 3449, 3460, 3546, 3578, 3640, 3683, 3760, 3783, 3852, 3891, 3978, 4000, 4029, 4107, 4143, 4200, 4284, 4295, 4379, 4463, 4471, 4483, 4524]
[47, 142, 236, 330, 339, 416, 453, 477, 484, 514, 514, 532, 567, 646, 677, 691, 788, 801, 840, 933, 970, 1040, 1115, 1161, 1193, 1221, 1222]
[92, 141, 216, 315, 364, 463, 538, 542, 633, 671, 675, 752, 797, 863, 874, 878, 901, 992, 1068, 1103, 1125, 1158, 1233, 1263, 1309, 1310, 1399, 1487, 1557, 1632, 1661, 1679, 1687, 1690, 1701, 1731, 1808, 1875, 1939, 2017, 2038, 2128, 2141, 2237, 2312, 2411, 2463, 2491, 2584, 2594, 2669, 2693, 2721, 2801, 2828, 2845, 2859, 2889, 2974, 3012, 3082, 3176, 3245, 3280, 3300, 3393, 3409, 3490, 3543, 3622, 3657, 3745, 3779, 3837, 3839, 3926, 4022, 4056, 4071, 4078, 4141, 4143, 4212, 4301, 4374, 4417, 4500, 4569, 4635, 4689, 4695, 4738, 4780, 4815, 4864, 4931, 5010, 5052]
[76, 78, 121, 146, 202, 300, 381, 441, 522, 581, 585, 598, 621, 622, 673, 731, 757, 820, 879, 969, 972, 1069, 1134, 1206, 1270, 1299, 1314, 1366, 1455, 1530]
[45, 45, 139, 197, 248, 248, 310, 318, 406, 422, 424, 447, 488, 498, 565, 648, 703, 748, 752, 758, 797, 881, 950, 1019, 1046, 1089, 1124, 1172, 1223, 1303, 1335, 1390, 1448, 1483, 1555, 1610, 1686, 1707, 1796, 1885, 1969, 2047, 2141, 2200, 2206, 2245, 2266, 2307, 2360, 2399, 2497]
[20, 58, 88, 150, 219, 265, 332, 365, 418, 476, 501, 512, 595, 674, 728, 811, 822, 888, 947, 972, 1062, 1142, 1199, 1258, 1293, 1354, 1362, 1376, 1438, 1536, 1574, 1600, 1646, 1668, 1679, 1689, 1744, 1746, 1799, 1885, 1898, 1974, 1979, 2042, 2122, 2182, 2213, 2236]
[88, 127, 201, 248, 332, 333, 404, 438, 532, 568, 657, 666, 715, 806, 817, 842, 911, 980, 986, 1049, 1065, 1153, 1206, 1229, 1327, 1355, 1358, 1360, 1430, 1528, 1610, 1669, 1758, 1831, 1930, 2015, 2067, 2077, 2162, 2238, 2246, 2325, 2328, 2417, 2509, 2514, 2572, 2638]
[31, 39, 133, 225, 271, 278, 296, 387, 424, 515, 578, 607, 693, 714, 779, 817, 841, 910, 971, 1035, 1048, 1095, 1110, 1192, 1261, 1311, 1354, 1420, 1490, 1588, 1682, 1762, 1779, 1781, 1863, 1863, 1887, 1945, 1995, 2028, 2114, 2160, 2206, 2218, 2278, 2362, 2460, 2518, 2528, 2545, 2591, 2666, 2745, 2749, 2829]
[93, 104, 145, 156, 213, 303, 346, 434, 502, 573, 647, 728, 767, 778, 834, 888, 942, 1003, 1091, 1128, 1223, 1301, 1323, 1333, 1375, 1406, 1464, 1555, 1601, 1675, 1701, 1714, 1782, 1859, 1939]
[61, 108, 199, 293, 390, 432, 500, 558, 566, 595, 644, 729, 769, 796, 839, 854, 877, 907, 1005, 1073, 1159, 1191, 1279, 1357, 1429, 1501, 1597, 1670, 1706, 1744, 1770, 1787, 1810, 1871, 1914, 1998, 2090, 2140, 2205, 2299, 2397, 2480, 2551, 2566, 2599, 2636, 2643, 2677, 2772, 2843, 2936, 2948, 2984, 3072, 3103, 3119, 3215, 3313, 3344, 3407]
[90, 155, 221, 301, 356, 418, 497, 553, 640, 684, 739, 798, 879, 974, 1042, 1064, 1126, 1195, 1227, 1263, 1268, 1309, 1319, 1397, 1440, 1483, 1499, 1598, 1683, 1713, 1791, 1851, 1874, 1918, 1991, 2066, 2094, 2126, 2145, 2230, 2257, 2261, 2291, 2310, 2331, 2418, 2492, 2590, 2597, 2678, 2678, 2717, 2719, 2739, 2816, 2893, 2902, 2989, 3084, 3143, 3234, 3307, 3318]
[25, 120, 125, 179, 211, 270, 273, 337, 344, 403, 490, 548, 580, 597, 649, 657, 683, 755, 817, 877, 908, 939, 962, 1035, 1071, 1120, 1136, 1178, 1266, 1276, 1342, 1366, 1399, 1479, 1545, 1630, 1646, 1675, 1675, 1689, 1728, 1751, 1816, 1911, 1919]
[75, 117, 158, 181, 245, 343, 406, 454, 484, 560, 607, 644, 660, 725, 739, 739, 775, 807, 878, 949, 1014, 1057, 1066, 1143, 1212, 1247, 1296, 1366, 1407, 1471, 1533, 1627, 1698, 1755, 1798, 1877, 1952, 1970, 2038, 2044, 2124, 2153, 2171, 2247, 2265, 2356, 2445, 2456]
[74, 80, 80, 155, 214, 295, 376, 474, 505, 575, 660, 701, 721, 782, 786, 807, 852, 854, 889, 974, 1018, 1085, 1100, 1155, 1216, 1247, 1294, 1298, 1350, 1367, 1420, 1468, 1555, 1635, 1680, 1696, 1750, 1821, 1821, 1823, 1871, 1880, 1907, 2003, 2025, 2124, 2179, 2222, 2303, 2343, 2399, 2452, 2509, 2523, 2571, 2630, 2655, 2659, 2750, 2840, 2918, 3016, 3038, 3111, 3199, 3291, 3364, 3384, 3412, 3474, 3487, 3505, 3509, 3552, 3635, 3663, 3756]
[9, 82, 146, 185, 192, 234, 293, 383, 438, 491, 496, 530, 598, 668, 767, 808, 888, 910, 956, 1029, 1077, 1116, 1142, 1146, 1165, 1262, 1285, 1305, 1369, 1454, 1520, 1587, 1645, 1651, 1739, 1787, 1830, 1929, 2004, 2015, 2016, 2113, 2189, 2228, 2251, 2322, 2376, 2438, 2504, 2574, 2634, 2718, 2754, 2811, 2841, 2920, 3003, 3047, 3108, 3146, 3173, 3271, 3315, 3361, 3386, 3419, 3430, 3521, 3592, 3653, 3700, 3754, 3826, 3902, 3917, 3956, 4053, 4142, 4226, 4254, 4344, 4419, 4444, 4505, 4570, 4635, 4691, 4718, 4789, 4847, 4893, 4901]
[4, 37, 64, 144, 193, 206, 280, 302, 302, 397, 466, 539, 569, 660, 755, 802, 854, 879, 927, 966, 1034, 1045, 1056, 1097, 1111, 1121, 1145, 1206, 1244, 1247, 1283, 1346, 1398, 1439, 1471, 1495, 1570, 1621, 1718, 1763, 1857, 1883, 1965, 2059, 2125, 2191, 2247, 2332, 2406, 2481, 2565, 2649, 2713, 2753, 2852, 2889, 2979, 3070, 3091, 3154, 3207, 3208, 3303, 3321, 3390, 3435, 3442, 3513, 3515, 3526, 3552, 3556, 3645, 3656, 3739, 3825, 3889, 3931, 3977, 3978, 3985, 3995, 4011, 4037, 4048, 4131, 4198, 4279]
[6, 11, 74, 162, 168, 217, 251, 306, 373, 383, 396, 401, 430, 452, 504, 554, 563, 659, 665, 670, 741, 759, 852, 865, 958, 1027, 1041, 1138, 1209, 1253, 1257, 1287, 1296, 1329, 1387, 1417, 1419, 1466, 1498, 1524, 1532, 1601, 1606, 1692, 1709, 1725, 1789, 1805, 1856, 1897, 1939, 1954, 1959]
[79, 155, 157, 162, 238, 296, 388, 435, 462, 508, 526, 569, 622, 633, 720, 797, 876, 899, 916, 919, 958, 963, 1042, 1078]
[91, 189, 197, 278, 318, 327, 387, 400, 470, 561, 654, 657, 756, 799, 888, 934, 951, 993, 997, 1073, 1101, 1196, 1264, 1302, 1331, 1357, 1415, 1456, 1481, 1568, 1633, 1715, 1770, 1823, 1825, 1847, 1894, 1993, 2085, 2163, 2233, 2262, 2344, 2364, 2390, 2435, 2445, 2506]
[64, 127, 197, 271, 319, 408, 502, 551, 592, 604, 624, 628, 717, 740, 759, 807, 833, 879, 976, 1014, 1031, 1105, 1170, 1172, 1193, 1288, 1354, 1408, 1477, 1569, 1603, 1647, 1653, 1685, 1697, 1725, 1756, 1757, 1840, 1875, 1950, 2012, 2012, 2062, 2074, 2148, 2233, 2253]
[55, 110, 132, 177, 240, 241, 264]
[94, 173, 260, 320, 320, 353, 417, 458, 540, 562, 595, 685, 693, 735, 818, 851, 911, 976, 1055, 1102, 1186, 1249, 1296, 1302, 1311, 1402, 1489, 1527, 1615, 1691, 1734, 1735, 1766, 1768, 1789, 1796, 1855, 1875, 1960, 1961, 1973, 2056, 2125, 2126, 2150, 2180, 2253, 2337, 2380, 2428, 2518, 2543, 2615, 2634, 2712, 2803, 2850]
[7, 64, 132, 224, 256, 261, 335, 373, 417, 420, 443, 538, 634, 659, 731, 797, 891, 958, 1016, 1113, 1174]
[75, 138, 186, 193, 259, 346, 353, 369, 370, 399, 484, 563, 591, 672, 760, 766, 831, 919, 1006, 1014, 1022, 1111, 1204, 1254, 1287, 1310, 1325, 1381, 1430, 1480, 1541, 1557, 1635, 1707, 1718, 1773, 1785, 1802, 1813, 1873, 1879, 1927, 2026, 2087, 2165, 2197, 2211, 2257, 2303]
[73, 124, 179, 191, 195, 222, 295, 392, 431, 488, 563, 568, 611, 655, 716, 717, 763, 837, 888, 940, 945, 984, 1014, 1082, 1173, 1227, 1312, 1352, 1405, 1490, 1555, 1588]
[14, 26, 90, 135, 158, 158, 159, 184, 214, 299, 306, 399, 458, 514, 547, 566, 568, 603, 613, 696, 773, 827, 845, 918, 919, 983, 1053, 1130, 1174, 1206, 1271, 1357, 1415, 1473, 1565, 1603, 1610, 1653, 1685, 1770, 1841, 1910, 1961, 1977, 2041, 2083, 2102, 2134, 2229, 2250, 2334, 2408, 2484, 2554, 2622, 2665, 2670, 2769, 2803, 2888, 2908, 2984, 3061, 3127, 3190, 3257, 3257, 3352, 3428, 3462, 3502, 3592, 3659, 3661, 3681, 3766, 3821, 3853, 3909, 3956, 4010, 4073, 4109, 4153, 4169, 4215, 4216, 4236, 4331, 4345, 4363, 4396, 4430, 4490, 4555, 4606, 4695, 4766, 4809, 4883]
[83, 166, 198, 246, 260, 317, 406, 447, 477, 479, 508, 602, 675, 730, 790, 832, 908, 952, 978, 982, 1021, 1107, 1189, 1245, 1305, 1341, 1389, 1465, 1544, 1575, 1672, 1726, 1743, 1743, 1816, 1821, 1876, 1946, 1950, 2007, 2086, 2118, 2157, 2159, 2244, 2264, 2350, 2437, 2501, 2518, 2537, 2546, 2564, 2627, 2692, 2725, 2818, 2823, 2824, 2909, 2976, 3026, 3079, 3098, 3151, 3211, 3260, 3328, 3389, 3439, 3514, 3611, 3622, 3666, 3706, 3773]
[92, 138, 235, 236, 248, 254, 308, 324]
[65, 65, 67, 78, 159, 189, 274, 345, 419, 480, 516, 518, 527, 581, 637, 694, 737, 836, 885, 931, 960, 1044, 1063, 1066, 1105, 1157, 1165, 1196, 1283, 1342, 1353, 1437, 1472, 1524, 1579, 1633, 1715, 1752, 1804, 1854, 1865, 1910, 1934, 2009, 2076, 2117, 2211, 2243, 2263, 2295, 2377, 2476, 2537, 2635, 2714, 2779, 2811, 2857, 2921, 2986, 3038, 3085, 3134, 3166, 3221, 3268, 3360, 3413, 3429, 3477, 3520, 3603, 3680, 3744, 3769, 3821, 3851, 3935, 3949, 3964, 3985, 4075, 4145, 4213, 4256, 4270, 4348, 4367, 4376, 4382, 4436, 4523, 4602, 4614, 4704, 4750, 4760, 4818, 4821, 4852, 4916, 5004, 5051, 5071]
[23, 46, 99, 121, 143, 147, 186, 277, 300, 328, 355, 396, 439, 461, 546, 550, 576, 608, 617, 626, 672, 683, 723, 742, 791, 881, 898, 965, 1000, 1099, 1099, 1196, 1198, 1293, 1314, 1403, 1433, 1475, 1496, 1524, 1604, 1646, 1651, 1672, 1690, 1707, 1794, 1877, 1945, 1945, 1998, 2037, 2046, 2092, 2187, 2195, 2268, 2272, 2325, 2385, 2431, 2448, 2471, 2550, 2631, 2715, 2807, 2853, 2862, 2907, 2924, 2982, 3031, 3097, 3134]
[80, 106, 129, 182, 183, 276, 374, 401, 471, 520, 619, 659, 714, 790, 849, 896, 933, 964, 1056, 1074, 1092, 1138, 1231, 1311, 1312, 1403, 1469, 1489, 1545, 1641, 1668, 1706, 1731, 1818, 1819, 1880, 1958, 2004, 2091, 2184, 2283, 2362, 2418, 2465, 2499, 2584, 2652, 2720, 2749, 2789, 2873]
[42, 57, 144, 144, 177, 182, 200, 218, 269, 348, 363, 418, 483, 563, 569, 575, 589, 615, 707, 742, 754, 829, 833, 857, 879, 925, 980, 1027, 1061, 1065, 1153, 1232, 1311, 1359, 1426, 1437, 1532, 1609, 1633, 1637, 1725, 1784, 1864, 1962, 1963, 1988, 2012, 2085, 2113, 2129, 2149, 2177, 2212, 2309, 2311, 2345, 2345, 2402, 2462, 2500, 2548, 2567, 2602, 2655, 2753, 2771]
[63, 110, 175, 194, 262, 343, 415, 441, 463, 538, 626, 658, 708, 770, 856, 865, 874, 882, 969, 990, 1076, 1098, 1115, 1159, 1183, 1217, 1242, 1261, 1274, 1326, 1362, 1371, 1466, 1504, 1544, 1606, 1672, 1681, 1721, 1777, 1811, 1829, 1857, 1901, 1954, 2000, 2041, 2063, 2078, 2168, 2231, 2287, 2341, 2390, 2416, 2492, 2532, 2583, 2678, 2730, 2799, 2840, 2934, 3030, 3098, 3165, 3243, 3273, 3294, 3340, 3433, 3473, 3496, 3549, 3588, 3625, 3678, 3718, 3812, 3857, 3926, 3954, 3971, 3980, 4069]
[68, 101, 105, 110, 190, 250, 273, 281, 367, 388, 425, 439, 458, 517, 568, 622, 627, 698, 720, 811, 883, 928, 940, 970, 1033, 1064, 1086, 1121, 1138, 1210, 1261, 1272, 1339, 1355, 1364, 1427, 1431, 1471, 1524, 1616, 1631, 1723, 1780, 1825, 1908, 1948, 1970, 2011, 2050, 2088, 2129, 2173, 2181, 2275, 2340, 2343, 2389, 2433, 2523, 2607, 2615, 2707, 2728, 2752, 2826, 2840, 2864, 2951, 2954, 3002, 3095, 3151, 3201, 3209, 3249, 3290, 3386, 3481, 3547, 3600, 3622, 3652, 3686, 3729, 3755, 3789, 3835, 3839]
[40, 104, 110, 142, 235, 245, 304, 386, 470, 535, 595, 612, 711, 754, 820, 903, 978, 1046, 1141, 1174, 1236, 1306, 1365, 1420, 1476, 1541, 1544, 1624]
[61, 72, 87, 175, 201, 216, 286, 323, 324, 339, 388, 408, 461, 555, 651, 713, 797, 836, 854, 946, 1042, 1060, 1069, 1095, 1112, 1129, 1133, 1186, 1234, 1292, 1328, 1362, 1412, 1466, 1538, 1601, 1645]
[84, 168, 175, 258, 295, 362, 422, 495, 529, 618]
[86, 92, 138, 181, 211, 217, 233, 271, 350, 421, 432, 527, 541, 566, 567, 588, 603, 666, 692, 753, 816, 842, 895, 916, 1000, 1035, 1077, 1101, 1113]
[58, 90, 186, 249, 305, 392, 423, 446, 526, 539, 580, 661, 669, 742, 784, 838, 850, 850, 862, 918, 994, 1061, 1139, 1220, 1290, 1291, 1387, 1456, 1537, 1621, 1697, 1720, 1792, 1818, 1875, 1939, 2029, 2053, 2090, 2176, 2250, 2299, 2382, 2416, 2459, 2492, 2537, 2538, 2547, 2627, 2645, 2657, 2704, 2775, 2823, 2833, 2918, 3000, 3094, 3161, 3256, 3329, 3347, 3414, 3422, 3487, 3550, 3639, 3737, 3820, 3844, 3938, 3962, 4005, 4099, 4109, 4168, 4235, 4326, 4348, 4391, 4447, 4524, 4556, 4634, 4673, 4684, 4783, 4861, 4934, 4981, 5023, 5081]
[98, 192, 272, 353, 371, 470, 499, 535, 600, 670, 679, 770, 823, 898, 953, 1025, 1030, 1082, 1127, 1170, 1198, 1247, 1276, 1315, 1346, 1361, 1369, 1391, 1412, 1436, 1436, 1532, 1577, 1585, 1684]
[65, 163, 181, 236, 251, 334, 430, 500, 537, 582]
[5, 48, 50, 100, 194, 211, 291, 343, 383, 413, 429, 437, 459, 517, 518, 557, 602, 701, 753, 824, 857, 939, 940, 958, 972, 991, 1056, 1118, 1160, 1250, 1302, 1313, 1377, 1433, 1498, 1579, 1661, 1731, 1785, 1807, 1842, 1887, 1975, 2064, 2088, 2161, 2215, 2306, 2341, 2364, 2401, 2408, 2503, 2553, 2615, 2673, 2678, 2755, 2841, 2900, 2974, 3029, 3127, 3153, 3189, 3275, 3290, 3359, 3439, 3487, 3555, 3604, 3688, 3779, 3780, 3861, 3937, 3948, 3972, 4006, 4055, 4094, 4134]
[52, 84, 139, 142, 211, 257, 301, 379, 458, 513, 563, 569, 640, 654, 745, 815, 819, 903, 936, 987, 1060, 1060, 1089, 1145, 1226, 1227, 1319, 1349, 1399, 1405, 1428, 1454, 1500, 1596, 1693, 1747, 1793, 1889, 1901, 1925, 2017, 2017, 2085, 2093, 2150, 2222, 2270, 2352, 2411, 2490, 2547, 2554, 2622, 2710, 2808, 2822, 2920, 2986, 3001, 3087, 3163, 3251, 3331, 3364, 3382, 3414, 3473, 3526, 3555, 3558, 3559, 3584, 3621, 3652, 3657, 3676, 3747, 3818, 3846, 3862, 3884, 3912, 3983, 4036, 4060, 4066, 4071, 4102, 4109, 4137, 4162, 4230, 4303, 4318, 4384, 4451, 4504, 4592, 4686, 4694]
[41, 50, 136, 155, 211, 266, 307, 353, 371, 458, 474, 500, 503, 583, 618, 629, 727, 826, 883, 924, 939, 1026, 1032, 1056, 1096, 1102, 1175, 1234]
[32, 126, 189, 230, 326, 394, 418, 482, 535, 560, 616, 664, 665, 761, 807, 870, 879, 916, 960, 978, 994, 1061, 1134, 1162, 1176, 1205, 1208, 1210, 1210, 1223, 1230, 1324, 1371, 1435, 1458, 1467, 1480, 1562, 1624, 1642, 1661, 1740, 1750, 1777, 1803, 1834, 1846, 1867, 1957, 1977, 2070, 2117, 2119, 2166, 2199, 2234, 2278, 2374, 2460, 2482, 2542, 2634, 2675, 2680, 2735, 2805, 2898, 2908, 2999, 3025, 3095, 3140, 3180, 3269]
[5, 78, 94, 150, 240, 315, 376, 379, 439, 442, 464, 467, 493, 559, 597, 622, 652, 708, 708]
[31, 122, 156, 216, 274, 283, 324, 333, 400, 450, 509, 537, 571, 572, 572, 643, 688, 690, 711, 797, 824, 909, 941, 1040, 1130, 1203, 1290, 1330, 1364, 1395, 1409, 1498, 1520, 1608, 1632, 1707, 1758, 1771, 1773, 1858, 1955, 2049, 2107, 2173, 2198, 2214, 2217, 2241, 2259, 2327, 2393, 2481, 2482, 2491, 2565, 2641, 2682, 2696, 2724, 2796, 2824, 2874, 2946, 3026, 3069, 3130, 3160, 3204, 3300, 3358, 3418, 3478, 3568, 3574, 3604, 3629, 3648, 3691, 3735, 3822, 3885, 3910, 3991, 4033, 4061, 4075, 4148, 4210, 4260, 4341, 4438]
[27, 78, 84, 89, 120, 207, 305, 328, 349, 426, 524, 587, 656, 748, 825, 853, 892, 954, 1037, 1126, 1182, 1205, 1261, 1267, 1286, 1371, 1406, 1450, 1465, 1540, 1607, 1616, 1714, 1765, 1808, 1822, 1915, 1985, 2066, 2154, 2204, 2218, 2317, 2341, 2378, 2401, 2423, 2520, 2524, 2537, 2579, 2615, 2704, 2735, 2769, 2845, 2933, 3006, 3045, 3140, 3144, 3234, 3284, 3342, 3377, 3390, 3439, 3461, 3503, 3536, 3600, 3666, 3746, 3800, 3891, 3922, 3976, 4017, 4073, 4086, 4109, 4168, 4243, 4246, 4253, 4278, 4332, 4421, 4445, 4477, 4508, 4516, 4605, 4658, 4685, 4772]
[37, 83, 148, 201, 299, 348, 431, 526, 614, 665, 676, 746, 746, 768, 865, 908, 923, 930, 1013, 1094, 1157, 1203, 1266, 1348, 1375, 1467, 1519, 1562, 1644, 1700, 1737, 1758, 1826, 1838, 1863, 1948, 2047, 2102, 2189, 2218, 2226, 2226, 2236, 2294, 2323, 2369, 2385, 2462, 2538, 2630, 2664, 2750, 2840, 2933, 3015, 3068, 3157, 3163, 3222, 3304, 3366, 3368, 3450, 3471, 3549, 3602, 3694, 3703, 3741, 3773, 3797, 3814, 3830, 3903, 3969, 4059, 4125, 4183, 4189, 4287, 4363, 4431, 4450, 4482, 4512, 4549, 4612, 4705, 4742, 4813, 4889, 4938, 5013, 5071, 5114, 5172, 5235, 5326]
